Dynamical matrix file
File generated with the CellConstructor by Lorenzo Monacelli
2 2 0     8.4717499000000007     0.0000000000000000     0.0000000000000000     0.0000000000000000     0.0000000000000000     0.0000000000000000
Basis vectors
    0.7690090170000000     0.7690090170000000     0.0000000000000000
    0.7690090170000000    -0.7690090170000000     0.0000000000000000
    0.7690090170000000    -0.0000000000000000     0.7690090170000000
	1  'Pb '  188851.2471721135952976
	2  'Te '  116300.2854206645570230
    1     1    -0.0000000000000000    -0.0000000000000000     0.0000000000000000
    2     2     0.7690090170000000    -0.0000000000000000     0.0000000000000000

     Dynamical Matrix in cartesian axes

     q = (     0.216729145000    -0.216729145000    -0.216729145000 )

    1    1
     0.0412319953620852    -0.0000000000000000       -0.0164218839812706     0.0000000000000000       -0.0164218839812706    -0.0000000000000000
    -0.0164218839812706     0.0000000000000000        0.0412319953620852    -0.0000000000000000        0.0164218839812706     0.0000000000000000
    -0.0164218839812706     0.0000000000000000        0.0164218839812706    -0.0000000000000000        0.0412319953620852     0.0000000000000000
    1    2
    -0.0072933262465609     0.0126324124809430        0.0022868615671949    -0.0039609606957105        0.0022868615671949    -0.0039609606957105
     0.0022868615671949    -0.0039609606957105       -0.0072933262465609     0.0126324124809430       -0.0022868615671949     0.0039609606957105
     0.0022868615671949    -0.0039609606957105       -0.0022868615671949     0.0039609606957105       -0.0072933262465609     0.0126324124809430
    2    1
    -0.0072933262465609    -0.0126324124809430        0.0022868615671949     0.0039609606957105        0.0022868615671949     0.0039609606957105
     0.0022868615671949     0.0039609606957105       -0.0072933262465609    -0.0126324124809430       -0.0022868615671949    -0.0039609606957105
     0.0022868615671949     0.0039609606957105       -0.0022868615671949    -0.0039609606957105       -0.0072933262465609    -0.0126324124809430
    2    2
     0.0466388259447291    -0.0000000000000000       -0.0043264648581462    -0.0000000000000000       -0.0043264648581462    -0.0000000000000000
    -0.0043264648581462    -0.0000000000000000        0.0466388259447291    -0.0000000000000000        0.0043264648581462    -0.0000000000000000
    -0.0043264648581462     0.0000000000000000        0.0043264648581462     0.0000000000000000        0.0466388259447291    -0.0000000000000000

     Dynamical Matrix in cartesian axes

     q = (     0.216729145000     0.216729145000    -0.216729145000 )

    1    1
     0.0412319953620852    -0.0000000000000000        0.0164218839812706    -0.0000000000000000       -0.0164218839812706     0.0000000000000000
     0.0164218839812706    -0.0000000000000000        0.0412319953620852    -0.0000000000000000       -0.0164218839812706     0.0000000000000000
    -0.0164218839812706     0.0000000000000000       -0.0164218839812706     0.0000000000000000        0.0412319953620852    -0.0000000000000000
    1    2
    -0.0072933262465609     0.0126324124809430       -0.0022868615671949     0.0039609606957105        0.0022868615671949    -0.0039609606957105
    -0.0022868615671949     0.0039609606957105       -0.0072933262465609     0.0126324124809430        0.0022868615671949    -0.0039609606957105
     0.0022868615671949    -0.0039609606957105        0.0022868615671949    -0.0039609606957105       -0.0072933262465609     0.0126324124809430
    2    1
    -0.0072933262465609    -0.0126324124809430       -0.0022868615671949    -0.0039609606957105        0.0022868615671949     0.0039609606957105
    -0.0022868615671949    -0.0039609606957105       -0.0072933262465609    -0.0126324124809430        0.0022868615671949     0.0039609606957105
     0.0022868615671949     0.0039609606957105        0.0022868615671949     0.0039609606957105       -0.0072933262465609    -0.0126324124809430
    2    2
     0.0466388259447291    -0.0000000000000000        0.0043264648581462     0.0000000000000000       -0.0043264648581462     0.0000000000000000
     0.0043264648581462     0.0000000000000000        0.0466388259447291    -0.0000000000000000       -0.0043264648581462    -0.0000000000000000
    -0.0043264648581462    -0.0000000000000000       -0.0043264648581462     0.0000000000000000        0.0466388259447291    -0.0000000000000000

     Dynamical Matrix in cartesian axes

     q = (    -0.216729145000    -0.216729145000    -0.216729145000 )

    1    1
     0.0412319953620852    -0.0000000000000000        0.0164218839812706    -0.0000000000000000        0.0164218839812706    -0.0000000000000000
     0.0164218839812706    -0.0000000000000000        0.0412319953620852    -0.0000000000000000        0.0164218839812706    -0.0000000000000000
     0.0164218839812706    -0.0000000000000000        0.0164218839812706     0.0000000000000000        0.0412319953620852     0.0000000000000000
    1    2
    -0.0072933262465609    -0.0126324124809430       -0.0022868615671949    -0.0039609606957105       -0.0022868615671949    -0.0039609606957105
    -0.0022868615671949    -0.0039609606957105       -0.0072933262465609    -0.0126324124809430       -0.0022868615671949    -0.0039609606957105
    -0.0022868615671949    -0.0039609606957105       -0.0022868615671949    -0.0039609606957105       -0.0072933262465609    -0.0126324124809430
    2    1
    -0.0072933262465609     0.0126324124809430       -0.0022868615671949     0.0039609606957105       -0.0022868615671949     0.0039609606957105
    -0.0022868615671949     0.0039609606957105       -0.0072933262465609     0.0126324124809430       -0.0022868615671949     0.0039609606957105
    -0.0022868615671949     0.0039609606957105       -0.0022868615671949     0.0039609606957105       -0.0072933262465609     0.0126324124809430
    2    2
     0.0466388259447291    -0.0000000000000000        0.0043264648581462     0.0000000000000000        0.0043264648581462    -0.0000000000000000
     0.0043264648581462     0.0000000000000000        0.0466388259447291    -0.0000000000000000        0.0043264648581462    -0.0000000000000000
     0.0043264648581462     0.0000000000000000        0.0043264648581462    -0.0000000000000000        0.0466388259447291     0.0000000000000000

     Dynamical Matrix in cartesian axes

     q = (    -0.216729145000     0.216729145000     0.216729145000 )

    1    1
     0.0412319953620852    -0.0000000000000000       -0.0164218839812706     0.0000000000000000       -0.0164218839812706     0.0000000000000000
    -0.0164218839812706     0.0000000000000000        0.0412319953620852    -0.0000000000000000        0.0164218839812706    -0.0000000000000000
    -0.0164218839812706     0.0000000000000000        0.0164218839812706    -0.0000000000000000        0.0412319953620852    -0.0000000000000000
    1    2
    -0.0072933262465609    -0.0126324124809430        0.0022868615671949     0.0039609606957105        0.0022868615671949     0.0039609606957105
     0.0022868615671949     0.0039609606957105       -0.0072933262465609    -0.0126324124809430       -0.0022868615671949    -0.0039609606957105
     0.0022868615671949     0.0039609606957105       -0.0022868615671949    -0.0039609606957105       -0.0072933262465609    -0.0126324124809430
    2    1
    -0.0072933262465609     0.0126324124809430        0.0022868615671949    -0.0039609606957105        0.0022868615671949    -0.0039609606957105
     0.0022868615671949    -0.0039609606957105       -0.0072933262465609     0.0126324124809430       -0.0022868615671949     0.0039609606957105
     0.0022868615671949    -0.0039609606957105       -0.0022868615671949     0.0039609606957105       -0.0072933262465609     0.0126324124809430
    2    2
     0.0466388259447291    -0.0000000000000000       -0.0043264648581462    -0.0000000000000000       -0.0043264648581462     0.0000000000000000
    -0.0043264648581462    -0.0000000000000000        0.0466388259447291    -0.0000000000000000        0.0043264648581462     0.0000000000000000
    -0.0043264648581462    -0.0000000000000000        0.0043264648581462    -0.0000000000000000        0.0466388259447291    -0.0000000000000000

     Dynamical Matrix in cartesian axes

     q = (     0.216729145000    -0.216729145000     0.216729145000 )

    1    1
     0.0412319953620852    -0.0000000000000000       -0.0164218839812706     0.0000000000000000        0.0164218839812706    -0.0000000000000000
    -0.0164218839812706     0.0000000000000000        0.0412319953620852    -0.0000000000000000       -0.0164218839812706     0.0000000000000000
     0.0164218839812706    -0.0000000000000000       -0.0164218839812706    -0.0000000000000000        0.0412319953620852     0.0000000000000000
    1    2
    -0.0072933262465609     0.0126324124809430        0.0022868615671949    -0.0039609606957105       -0.0022868615671949     0.0039609606957105
     0.0022868615671949    -0.0039609606957105       -0.0072933262465609     0.0126324124809430        0.0022868615671949    -0.0039609606957105
    -0.0022868615671949     0.0039609606957105        0.0022868615671949    -0.0039609606957105       -0.0072933262465609     0.0126324124809430
    2    1
    -0.0072933262465609    -0.0126324124809430        0.0022868615671949     0.0039609606957105       -0.0022868615671949    -0.0039609606957105
     0.0022868615671949     0.0039609606957105       -0.0072933262465609    -0.0126324124809430        0.0022868615671949     0.0039609606957105
    -0.0022868615671949    -0.0039609606957105        0.0022868615671949     0.0039609606957105       -0.0072933262465609    -0.0126324124809430
    2    2
     0.0466388259447291    -0.0000000000000000       -0.0043264648581462    -0.0000000000000000        0.0043264648581462    -0.0000000000000000
    -0.0043264648581462    -0.0000000000000000        0.0466388259447291    -0.0000000000000000       -0.0043264648581462     0.0000000000000000
     0.0043264648581462     0.0000000000000000       -0.0043264648581462     0.0000000000000000        0.0466388259447291     0.0000000000000000

     Dynamical Matrix in cartesian axes

     q = (    -0.216729145000    -0.216729145000     0.216729145000 )

    1    1
     0.0412319953620852    -0.0000000000000000        0.0164218839812706    -0.0000000000000000       -0.0164218839812706    -0.0000000000000000
     0.0164218839812706    -0.0000000000000000        0.0412319953620852    -0.0000000000000000       -0.0164218839812706    -0.0000000000000000
    -0.0164218839812706     0.0000000000000000       -0.0164218839812706     0.0000000000000000        0.0412319953620852     0.0000000000000000
    1    2
    -0.0072933262465609    -0.0126324124809430       -0.0022868615671949    -0.0039609606957105        0.0022868615671949     0.0039609606957105
    -0.0022868615671949    -0.0039609606957105       -0.0072933262465609    -0.0126324124809430        0.0022868615671949     0.0039609606957105
     0.0022868615671949     0.0039609606957105        0.0022868615671949     0.0039609606957105       -0.0072933262465609    -0.0126324124809430
    2    1
    -0.0072933262465609     0.0126324124809430       -0.0022868615671949     0.0039609606957105        0.0022868615671949    -0.0039609606957105
    -0.0022868615671949     0.0039609606957105       -0.0072933262465609     0.0126324124809430        0.0022868615671949    -0.0039609606957105
     0.0022868615671949    -0.0039609606957105        0.0022868615671949    -0.0039609606957105       -0.0072933262465609     0.0126324124809430
    2    2
     0.0466388259447291    -0.0000000000000000        0.0043264648581462     0.0000000000000000       -0.0043264648581462    -0.0000000000000000
     0.0043264648581462     0.0000000000000000        0.0466388259447291    -0.0000000000000000       -0.0043264648581462     0.0000000000000000
    -0.0043264648581462     0.0000000000000000       -0.0043264648581462    -0.0000000000000000        0.0466388259447291    -0.0000000000000000

     Dynamical Matrix in cartesian axes

     q = (    -0.216729145000     0.216729145000    -0.216729145000 )

    1    1
     0.0412319953620852    -0.0000000000000000       -0.0164218839812706     0.0000000000000000        0.0164218839812706    -0.0000000000000000
    -0.0164218839812706     0.0000000000000000        0.0412319953620852    -0.0000000000000000       -0.0164218839812706     0.0000000000000000
     0.0164218839812706    -0.0000000000000000       -0.0164218839812706     0.0000000000000000        0.0412319953620852    -0.0000000000000000
    1    2
    -0.0072933262465609    -0.0126324124809430        0.0022868615671949     0.0039609606957105       -0.0022868615671949    -0.0039609606957105
     0.0022868615671949     0.0039609606957105       -0.0072933262465609    -0.0126324124809430        0.0022868615671949     0.0039609606957105
    -0.0022868615671949    -0.0039609606957105        0.0022868615671949     0.0039609606957105       -0.0072933262465609    -0.0126324124809430
    2    1
    -0.0072933262465609     0.0126324124809430        0.0022868615671949    -0.0039609606957105       -0.0022868615671949     0.0039609606957105
     0.0022868615671949    -0.0039609606957105       -0.0072933262465609     0.0126324124809430        0.0022868615671949    -0.0039609606957105
    -0.0022868615671949     0.0039609606957105        0.0022868615671949    -0.0039609606957105       -0.0072933262465609     0.0126324124809430
    2    2
     0.0466388259447291    -0.0000000000000000       -0.0043264648581462    -0.0000000000000000        0.0043264648581462    -0.0000000000000000
    -0.0043264648581462    -0.0000000000000000        0.0466388259447291    -0.0000000000000000       -0.0043264648581462     0.0000000000000000
     0.0043264648581462     0.0000000000000000       -0.0043264648581462     0.0000000000000000        0.0466388259447291     0.0000000000000000

     Dynamical Matrix in cartesian axes

     q = (     0.216729145000     0.216729145000     0.216729145000 )

    1    1
     0.0412319953620852    -0.0000000000000000        0.0164218839812706    -0.0000000000000000        0.0164218839812706    -0.0000000000000000
     0.0164218839812706    -0.0000000000000000        0.0412319953620852    -0.0000000000000000        0.0164218839812706    -0.0000000000000000
     0.0164218839812706    -0.0000000000000000        0.0164218839812706    -0.0000000000000000        0.0412319953620852    -0.0000000000000000
    1    2
    -0.0072933262465609     0.0126324124809430       -0.0022868615671949     0.0039609606957105       -0.0022868615671949     0.0039609606957105
    -0.0022868615671949     0.0039609606957105       -0.0072933262465609     0.0126324124809430       -0.0022868615671949     0.0039609606957105
    -0.0022868615671949     0.0039609606957105       -0.0022868615671949     0.0039609606957105       -0.0072933262465609     0.0126324124809430
    2    1
    -0.0072933262465609    -0.0126324124809430       -0.0022868615671949    -0.0039609606957105       -0.0022868615671949    -0.0039609606957105
    -0.0022868615671949    -0.0039609606957105       -0.0072933262465609    -0.0126324124809430       -0.0022868615671949    -0.0039609606957105
    -0.0022868615671949    -0.0039609606957105       -0.0022868615671949    -0.0039609606957105       -0.0072933262465609    -0.0126324124809430
    2    2
     0.0466388259447291    -0.0000000000000000        0.0043264648581462     0.0000000000000000        0.0043264648581462    -0.0000000000000000
     0.0043264648581462     0.0000000000000000        0.0466388259447291    -0.0000000000000000        0.0043264648581462    -0.0000000000000000
     0.0043264648581462     0.0000000000000000        0.0043264648581462    -0.0000000000000000        0.0466388259447291     0.0000000000000000

     Dielectric Tensor:

        236.421588440830          -0.000000000000           0.000000000000
         -0.000000000000         236.421588440830           0.000000000000
          0.000000000000           0.000000000000         236.421588440829

     Effective Charges E-U: Z_{alpha}{s,beta}

    atom #     1
      2.372769754140e+01       0.000000000000e+00       0.000000000000e+00
      0.000000000000e+00       2.372769754140e+01       0.000000000000e+00
      0.000000000000e+00       0.000000000000e+00       2.372769754140e+01
    atom #     2
     -2.372769754140e+01       0.000000000000e+00       0.000000000000e+00
      0.000000000000e+00      -2.372769754140e+01       0.000000000000e+00
      0.000000000000e+00       0.000000000000e+00      -2.372769754140e+01

     Diagonalizing the dynamical matrix

     q = (     0.216729145000    -0.216729145000    -0.216729145000 )

***************************************************************************
   freq (    1) =     1.10669151 [THz] =    36.91524992 [cm-1]
(   0.477413  0.000000   0.755393 -0.096585  -0.277980 -0.096585 )
(   0.081991  0.142012   0.158461  0.208113  -0.076470  0.208113 )
   freq (    2) =     1.10669151 [THz] =    36.91524992 [cm-1]
(  -0.606953  0.000000   0.102936 -0.075971  -0.709889 -0.075971 )
(  -0.104238 -0.180545   0.040277  0.017572  -0.144514  0.017572 )
   freq (    3) =     1.70429383 [THz] =    56.84911495 [cm-1]
(  -0.411190  0.000000   0.411190 -0.000000   0.411190 -0.000000 )
(  -0.202642 -0.350987   0.202642  0.350987   0.202642  0.350987 )
   freq (    4) =     2.03340885 [THz] =    67.82720872 [cm-1]
(   0.000000  0.000000  -0.146090 -0.008425   0.146090 -0.008425 )
(   0.000000 -0.000000   0.310832  0.618037  -0.310832  0.618037 )
   freq (    5) =     2.03340885 [THz] =    67.82720872 [cm-1]
(   0.168970  0.000000   0.084485 -0.000000   0.084485 -0.000000 )
(  -0.399411 -0.691800  -0.199705 -0.345900  -0.199705 -0.345900 )
   freq (    6) =     2.54680146 [THz] =    84.95214040 [cm-1]
(  -0.299575  0.000000   0.299575  0.000000   0.299575  0.000000 )
(   0.246773  0.427424  -0.246773 -0.427424  -0.246773 -0.427424 )
***************************************************************************
