Dynamical matrix file
File generated with the CellConstructor by Lorenzo Monacelli
2 2 0     8.4717499000000007     0.0000000000000000     0.0000000000000000     0.0000000000000000     0.0000000000000000     0.0000000000000000
Basis vectors
    0.7690090170000000     0.7690090170000000     0.0000000000000000
    0.7690090170000000    -0.7690090170000000     0.0000000000000000
    0.7690090170000000    -0.0000000000000000     0.7690090170000000
	1  'Pb '  188851.2471721135952976
	2  'Te '  116300.2854206645570230
    1     1    -0.0000000000000000    -0.0000000000000000     0.0000000000000000
    2     2     0.7690090170000000    -0.0000000000000000     0.0000000000000000

     Dynamical Matrix in cartesian axes

     q = (     0.216729145000    -0.216729145000    -0.650187435000 )

    1    1
     0.0325797061309913     0.0000000000000000       -0.0140601105339151     0.0000000000000000       -0.0000000000000000    -0.0000000000000000
    -0.0140601105339151     0.0000000000000000        0.0325797061309913     0.0000000000000000        0.0000000000000000    -0.0000000000000000
    -0.0000000000000000     0.0000000000000000        0.0000000000000000     0.0000000000000000        0.0134702568277553    -0.0000000000000000
    1    2
    -0.0029546788771544     0.0051176542860049        0.0007273393663913    -0.0012597888232705        0.0000000000000000    -0.0000000000000000
     0.0007273393663913    -0.0012597888232705       -0.0029546788771544     0.0051176542860049        0.0000000000000000    -0.0000000000000000
     0.0000000000000000    -0.0000000000000000        0.0000000000000000     0.0000000000000000       -0.0032877783022048     0.0056945994537034
    2    1
    -0.0029546788771544    -0.0051176542860049        0.0007273393663913     0.0012597888232705        0.0000000000000000     0.0000000000000000
     0.0007273393663913     0.0012597888232705       -0.0029546788771544    -0.0051176542860049        0.0000000000000000     0.0000000000000000
     0.0000000000000000     0.0000000000000000        0.0000000000000000    -0.0000000000000000       -0.0032877783022048    -0.0056945994537034
    2    2
     0.0443315273019053     0.0000000000000000       -0.0023035757867378     0.0000000000000000        0.0000000000000000     0.0000000000000000
    -0.0023035757867378     0.0000000000000000        0.0443315273019053     0.0000000000000000        0.0000000000000000     0.0000000000000000
    -0.0000000000000000    -0.0000000000000000        0.0000000000000000     0.0000000000000000        0.0206382810512563    -0.0000000000000000

     Dynamical Matrix in cartesian axes

     q = (     0.216729145000    -0.650187435000    -0.216729145000 )

    1    1
     0.0325797061309913     0.0000000000000000        0.0000000000000000     0.0000000000000000       -0.0140601105339151     0.0000000000000000
    -0.0000000000000000     0.0000000000000000        0.0134702568277553    -0.0000000000000000        0.0000000000000000     0.0000000000000000
    -0.0140601105339151    -0.0000000000000000        0.0000000000000000     0.0000000000000000        0.0325797061309913    -0.0000000000000000
    1    2
    -0.0029546788771544     0.0051176542860049        0.0000000000000000     0.0000000000000000        0.0007273393663913    -0.0012597888232705
     0.0000000000000000     0.0000000000000000       -0.0032877783022048     0.0056945994537034       -0.0000000000000000     0.0000000000000000
     0.0007273393663913    -0.0012597888232705        0.0000000000000000     0.0000000000000000       -0.0029546788771544     0.0051176542860049
    2    1
    -0.0029546788771544    -0.0051176542860049        0.0000000000000000     0.0000000000000000        0.0007273393663913     0.0012597888232705
     0.0000000000000000     0.0000000000000000       -0.0032877783022048    -0.0056945994537034       -0.0000000000000000    -0.0000000000000000
     0.0007273393663913     0.0012597888232705        0.0000000000000000     0.0000000000000000       -0.0029546788771544    -0.0051176542860049
    2    2
     0.0443315273019053     0.0000000000000000        0.0000000000000000    -0.0000000000000000       -0.0023035757867378    -0.0000000000000000
     0.0000000000000000     0.0000000000000000        0.0206382810512563     0.0000000000000000        0.0000000000000000    -0.0000000000000000
    -0.0023035757867378    -0.0000000000000000        0.0000000000000000    -0.0000000000000000        0.0443315273019053     0.0000000000000000

     Dynamical Matrix in cartesian axes

     q = (     0.650187435000    -0.216729145000    -0.216729145000 )

    1    1
     0.0134702568277553    -0.0000000000000000       -0.0000000000000000     0.0000000000000000       -0.0000000000000000     0.0000000000000000
     0.0000000000000000     0.0000000000000000        0.0325797061309913     0.0000000000000000        0.0140601105339151    -0.0000000000000000
    -0.0000000000000000     0.0000000000000000        0.0140601105339151    -0.0000000000000000        0.0325797061309913     0.0000000000000000
    1    2
     0.0065755569423865     0.0000000000000000       -0.0000000000000000     0.0000000000000000       -0.0000000000000000     0.0000000000000000
    -0.0000000000000000     0.0000000000000000        0.0059093580580437     0.0000000000000000        0.0014546788075516     0.0000000000000000
     0.0000000000000000     0.0000000000000000        0.0014546788075516     0.0000000000000000        0.0059093580580437     0.0000000000000000
    2    1
     0.0065755569423865    -0.0000000000000000       -0.0000000000000000     0.0000000000000000       -0.0000000000000000     0.0000000000000000
    -0.0000000000000000     0.0000000000000000        0.0059093580580437    -0.0000000000000000        0.0014546788075516    -0.0000000000000000
     0.0000000000000000    -0.0000000000000000        0.0014546788075516    -0.0000000000000000        0.0059093580580437    -0.0000000000000000
    2    2
     0.0206382810512563     0.0000000000000000        0.0000000000000000    -0.0000000000000000        0.0000000000000000     0.0000000000000000
     0.0000000000000000     0.0000000000000000        0.0443315273019053     0.0000000000000000        0.0023035757867378     0.0000000000000000
     0.0000000000000000    -0.0000000000000000        0.0023035757867378     0.0000000000000000        0.0443315273019053     0.0000000000000000

     Dynamical Matrix in cartesian axes

     q = (     0.216729145000     0.216729145000    -0.650187435000 )

    1    1
     0.0325797061309913     0.0000000000000000        0.0140601105339151     0.0000000000000000       -0.0000000000000000    -0.0000000000000000
     0.0140601105339151     0.0000000000000000        0.0325797061309913     0.0000000000000000       -0.0000000000000000     0.0000000000000000
    -0.0000000000000000     0.0000000000000000       -0.0000000000000000    -0.0000000000000000        0.0134702568277553    -0.0000000000000000
    1    2
    -0.0029546788771544     0.0051176542860049       -0.0007273393663913     0.0012597888232705        0.0000000000000000    -0.0000000000000000
    -0.0007273393663913     0.0012597888232705       -0.0029546788771544     0.0051176542860049       -0.0000000000000000     0.0000000000000000
     0.0000000000000000    -0.0000000000000000       -0.0000000000000000     0.0000000000000000       -0.0032877783022048     0.0056945994537034
    2    1
    -0.0029546788771544    -0.0051176542860049       -0.0007273393663913    -0.0012597888232705        0.0000000000000000     0.0000000000000000
    -0.0007273393663913    -0.0012597888232705       -0.0029546788771544    -0.0051176542860049       -0.0000000000000000    -0.0000000000000000
     0.0000000000000000     0.0000000000000000       -0.0000000000000000    -0.0000000000000000       -0.0032877783022048    -0.0056945994537034
    2    2
     0.0443315273019053     0.0000000000000000        0.0023035757867378     0.0000000000000000        0.0000000000000000    -0.0000000000000000
     0.0023035757867378     0.0000000000000000        0.0443315273019053     0.0000000000000000        0.0000000000000000     0.0000000000000000
    -0.0000000000000000    -0.0000000000000000        0.0000000000000000    -0.0000000000000000        0.0206382810512563     0.0000000000000000

     Dynamical Matrix in cartesian axes

     q = (    -0.216729145000    -0.216729145000    -0.650187435000 )

    1    1
     0.0325797061309913     0.0000000000000000        0.0140601105339151     0.0000000000000000       -0.0000000000000000    -0.0000000000000000
     0.0140601105339151     0.0000000000000000        0.0325797061309913     0.0000000000000000       -0.0000000000000000     0.0000000000000000
    -0.0000000000000000     0.0000000000000000       -0.0000000000000000    -0.0000000000000000        0.0134702568277553    -0.0000000000000000
    1    2
    -0.0029546788771544    -0.0051176542860049       -0.0007273393663913    -0.0012597888232705        0.0000000000000000    -0.0000000000000000
    -0.0007273393663913    -0.0012597888232705       -0.0029546788771544    -0.0051176542860049       -0.0000000000000000    -0.0000000000000000
     0.0000000000000000    -0.0000000000000000       -0.0000000000000000    -0.0000000000000000       -0.0032877783022048    -0.0056945994537034
    2    1
    -0.0029546788771544     0.0051176542860049       -0.0007273393663913     0.0012597888232705        0.0000000000000000     0.0000000000000000
    -0.0007273393663913     0.0012597888232705       -0.0029546788771544     0.0051176542860049       -0.0000000000000000     0.0000000000000000
     0.0000000000000000     0.0000000000000000       -0.0000000000000000     0.0000000000000000       -0.0032877783022048     0.0056945994537034
    2    2
     0.0443315273019053     0.0000000000000000        0.0023035757867378     0.0000000000000000        0.0000000000000000     0.0000000000000000
     0.0023035757867378     0.0000000000000000        0.0443315273019053     0.0000000000000000        0.0000000000000000    -0.0000000000000000
    -0.0000000000000000    -0.0000000000000000        0.0000000000000000    -0.0000000000000000        0.0206382810512563    -0.0000000000000000

     Dynamical Matrix in cartesian axes

     q = (    -0.650187435000     0.216729145000     0.216729145000 )

    1    1
     0.0134702568277553    -0.0000000000000000       -0.0000000000000000     0.0000000000000000       -0.0000000000000000     0.0000000000000000
     0.0000000000000000     0.0000000000000000        0.0325797061309913     0.0000000000000000        0.0140601105339151     0.0000000000000000
    -0.0000000000000000     0.0000000000000000        0.0140601105339151    -0.0000000000000000        0.0325797061309913    -0.0000000000000000
    1    2
     0.0065755569423865     0.0000000000000000        0.0000000000000000     0.0000000000000000       -0.0000000000000000     0.0000000000000000
     0.0000000000000000     0.0000000000000000        0.0059093580580437     0.0000000000000000        0.0014546788075516     0.0000000000000000
     0.0000000000000000     0.0000000000000000        0.0014546788075516     0.0000000000000000        0.0059093580580437     0.0000000000000000
    2    1
     0.0065755569423865    -0.0000000000000000        0.0000000000000000     0.0000000000000000       -0.0000000000000000    -0.0000000000000000
     0.0000000000000000     0.0000000000000000        0.0059093580580437    -0.0000000000000000        0.0014546788075516    -0.0000000000000000
     0.0000000000000000    -0.0000000000000000        0.0014546788075516    -0.0000000000000000        0.0059093580580437    -0.0000000000000000
    2    2
     0.0206382810512563     0.0000000000000000        0.0000000000000000     0.0000000000000000        0.0000000000000000     0.0000000000000000
     0.0000000000000000    -0.0000000000000000        0.0443315273019053     0.0000000000000000        0.0023035757867378     0.0000000000000000
     0.0000000000000000     0.0000000000000000        0.0023035757867378     0.0000000000000000        0.0443315273019053    -0.0000000000000000

     Dynamical Matrix in cartesian axes

     q = (     0.650187435000     0.216729145000    -0.216729145000 )

    1    1
     0.0134702568277553    -0.0000000000000000       -0.0000000000000000     0.0000000000000000       -0.0000000000000000     0.0000000000000000
     0.0000000000000000     0.0000000000000000        0.0325797061309913     0.0000000000000000       -0.0140601105339151     0.0000000000000000
    -0.0000000000000000     0.0000000000000000       -0.0140601105339151     0.0000000000000000        0.0325797061309913    -0.0000000000000000
    1    2
     0.0065755569423865    -0.0000000000000000        0.0000000000000000     0.0000000000000000       -0.0000000000000000     0.0000000000000000
     0.0000000000000000     0.0000000000000000        0.0059093580580437    -0.0000000000000000       -0.0014546788075516    -0.0000000000000000
     0.0000000000000000     0.0000000000000000       -0.0014546788075516    -0.0000000000000000        0.0059093580580437    -0.0000000000000000
    2    1
     0.0065755569423865     0.0000000000000000        0.0000000000000000     0.0000000000000000       -0.0000000000000000    -0.0000000000000000
     0.0000000000000000     0.0000000000000000        0.0059093580580437     0.0000000000000000       -0.0014546788075516     0.0000000000000000
     0.0000000000000000    -0.0000000000000000       -0.0014546788075516     0.0000000000000000        0.0059093580580437     0.0000000000000000
    2    2
     0.0206382810512563     0.0000000000000000        0.0000000000000000    -0.0000000000000000        0.0000000000000000     0.0000000000000000
     0.0000000000000000     0.0000000000000000        0.0443315273019053     0.0000000000000000       -0.0023035757867378    -0.0000000000000000
     0.0000000000000000     0.0000000000000000       -0.0023035757867378     0.0000000000000000        0.0443315273019053    -0.0000000000000000

     Dynamical Matrix in cartesian axes

     q = (     0.650187435000    -0.216729145000     0.216729145000 )

    1    1
     0.0134702568277553    -0.0000000000000000       -0.0000000000000000     0.0000000000000000       -0.0000000000000000     0.0000000000000000
     0.0000000000000000     0.0000000000000000        0.0325797061309913     0.0000000000000000       -0.0140601105339151     0.0000000000000000
    -0.0000000000000000     0.0000000000000000       -0.0140601105339151     0.0000000000000000        0.0325797061309913     0.0000000000000000
    1    2
     0.0065755569423865    -0.0000000000000000        0.0000000000000000     0.0000000000000000       -0.0000000000000000     0.0000000000000000
     0.0000000000000000     0.0000000000000000        0.0059093580580437    -0.0000000000000000       -0.0014546788075516    -0.0000000000000000
     0.0000000000000000     0.0000000000000000       -0.0014546788075516    -0.0000000000000000        0.0059093580580437    -0.0000000000000000
    2    1
     0.0065755569423865     0.0000000000000000        0.0000000000000000     0.0000000000000000       -0.0000000000000000     0.0000000000000000
     0.0000000000000000     0.0000000000000000        0.0059093580580437     0.0000000000000000       -0.0014546788075516     0.0000000000000000
     0.0000000000000000     0.0000000000000000       -0.0014546788075516     0.0000000000000000        0.0059093580580437     0.0000000000000000
    2    2
     0.0206382810512563     0.0000000000000000        0.0000000000000000     0.0000000000000000        0.0000000000000000     0.0000000000000000
     0.0000000000000000    -0.0000000000000000        0.0443315273019053     0.0000000000000000       -0.0023035757867378     0.0000000000000000
     0.0000000000000000    -0.0000000000000000       -0.0023035757867378    -0.0000000000000000        0.0443315273019053     0.0000000000000000

     Dynamical Matrix in cartesian axes

     q = (    -0.216729145000    -0.650187435000    -0.216729145000 )

    1    1
     0.0325797061309913     0.0000000000000000        0.0000000000000000     0.0000000000000000        0.0140601105339151    -0.0000000000000000
    -0.0000000000000000     0.0000000000000000        0.0134702568277553    -0.0000000000000000        0.0000000000000000     0.0000000000000000
     0.0140601105339151    -0.0000000000000000        0.0000000000000000     0.0000000000000000        0.0325797061309913     0.0000000000000000
    1    2
    -0.0029546788771544    -0.0051176542860049        0.0000000000000000     0.0000000000000000       -0.0007273393663913    -0.0012597888232705
     0.0000000000000000     0.0000000000000000       -0.0032877783022048    -0.0056945994537034       -0.0000000000000000    -0.0000000000000000
    -0.0007273393663913    -0.0012597888232705        0.0000000000000000    -0.0000000000000000       -0.0029546788771544    -0.0051176542860049
    2    1
    -0.0029546788771544     0.0051176542860049        0.0000000000000000     0.0000000000000000       -0.0007273393663913     0.0012597888232705
     0.0000000000000000     0.0000000000000000       -0.0032877783022048     0.0056945994537034       -0.0000000000000000     0.0000000000000000
    -0.0007273393663913     0.0012597888232705        0.0000000000000000     0.0000000000000000       -0.0029546788771544     0.0051176542860049
    2    2
     0.0443315273019053     0.0000000000000000        0.0000000000000000    -0.0000000000000000        0.0023035757867378    -0.0000000000000000
     0.0000000000000000     0.0000000000000000        0.0206382810512563     0.0000000000000000        0.0000000000000000    -0.0000000000000000
     0.0023035757867378     0.0000000000000000        0.0000000000000000     0.0000000000000000        0.0443315273019053     0.0000000000000000

     Dynamical Matrix in cartesian axes

     q = (    -0.216729145000     0.650187435000     0.216729145000 )

    1    1
     0.0325797061309913     0.0000000000000000        0.0000000000000000     0.0000000000000000       -0.0140601105339151     0.0000000000000000
    -0.0000000000000000     0.0000000000000000        0.0134702568277553    -0.0000000000000000        0.0000000000000000    -0.0000000000000000
    -0.0140601105339151    -0.0000000000000000        0.0000000000000000     0.0000000000000000        0.0325797061309913    -0.0000000000000000
    1    2
    -0.0029546788771544    -0.0051176542860049        0.0000000000000000     0.0000000000000000        0.0007273393663913     0.0012597888232705
     0.0000000000000000     0.0000000000000000       -0.0032877783022048    -0.0056945994537034       -0.0000000000000000    -0.0000000000000000
     0.0007273393663913     0.0012597888232705        0.0000000000000000     0.0000000000000000       -0.0029546788771544    -0.0051176542860049
    2    1
    -0.0029546788771544     0.0051176542860049        0.0000000000000000     0.0000000000000000        0.0007273393663913    -0.0012597888232705
     0.0000000000000000     0.0000000000000000       -0.0032877783022048     0.0056945994537034       -0.0000000000000000     0.0000000000000000
     0.0007273393663913    -0.0012597888232705        0.0000000000000000     0.0000000000000000       -0.0029546788771544     0.0051176542860049
    2    2
     0.0443315273019053     0.0000000000000000        0.0000000000000000     0.0000000000000000       -0.0023035757867378    -0.0000000000000000
     0.0000000000000000    -0.0000000000000000        0.0206382810512563     0.0000000000000000        0.0000000000000000     0.0000000000000000
    -0.0023035757867378    -0.0000000000000000        0.0000000000000000     0.0000000000000000        0.0443315273019053     0.0000000000000000

     Dynamical Matrix in cartesian axes

     q = (     0.216729145000    -0.650187435000     0.216729145000 )

    1    1
     0.0325797061309913     0.0000000000000000        0.0000000000000000     0.0000000000000000        0.0140601105339151    -0.0000000000000000
    -0.0000000000000000     0.0000000000000000        0.0134702568277553    -0.0000000000000000        0.0000000000000000     0.0000000000000000
     0.0140601105339151    -0.0000000000000000        0.0000000000000000     0.0000000000000000        0.0325797061309913     0.0000000000000000
    1    2
    -0.0029546788771544     0.0051176542860049        0.0000000000000000     0.0000000000000000       -0.0007273393663913     0.0012597888232705
     0.0000000000000000     0.0000000000000000       -0.0032877783022048     0.0056945994537034       -0.0000000000000000     0.0000000000000000
    -0.0007273393663913     0.0012597888232705        0.0000000000000000     0.0000000000000000       -0.0029546788771544     0.0051176542860049
    2    1
    -0.0029546788771544    -0.0051176542860049        0.0000000000000000     0.0000000000000000       -0.0007273393663913    -0.0012597888232705
     0.0000000000000000     0.0000000000000000       -0.0032877783022048    -0.0056945994537034       -0.0000000000000000    -0.0000000000000000
    -0.0007273393663913    -0.0012597888232705        0.0000000000000000    -0.0000000000000000       -0.0029546788771544    -0.0051176542860049
    2    2
     0.0443315273019053     0.0000000000000000        0.0000000000000000     0.0000000000000000        0.0023035757867378    -0.0000000000000000
     0.0000000000000000    -0.0000000000000000        0.0206382810512563     0.0000000000000000        0.0000000000000000     0.0000000000000000
     0.0023035757867378     0.0000000000000000        0.0000000000000000    -0.0000000000000000        0.0443315273019053     0.0000000000000000

     Dynamical Matrix in cartesian axes

     q = (    -0.216729145000     0.216729145000    -0.650187435000 )

    1    1
     0.0325797061309913     0.0000000000000000       -0.0140601105339151     0.0000000000000000       -0.0000000000000000    -0.0000000000000000
    -0.0140601105339151     0.0000000000000000        0.0325797061309913     0.0000000000000000        0.0000000000000000    -0.0000000000000000
    -0.0000000000000000     0.0000000000000000        0.0000000000000000     0.0000000000000000        0.0134702568277553    -0.0000000000000000
    1    2
    -0.0029546788771544    -0.0051176542860049        0.0007273393663913     0.0012597888232705        0.0000000000000000     0.0000000000000000
     0.0007273393663913     0.0012597888232705       -0.0029546788771544    -0.0051176542860049        0.0000000000000000     0.0000000000000000
    -0.0000000000000000     0.0000000000000000        0.0000000000000000     0.0000000000000000       -0.0032877783022048    -0.0056945994537034
    2    1
    -0.0029546788771544     0.0051176542860049        0.0007273393663913    -0.0012597888232705        0.0000000000000000    -0.0000000000000000
     0.0007273393663913    -0.0012597888232705       -0.0029546788771544     0.0051176542860049        0.0000000000000000    -0.0000000000000000
    -0.0000000000000000     0.0000000000000000        0.0000000000000000    -0.0000000000000000       -0.0032877783022048     0.0056945994537034
    2    2
     0.0443315273019053     0.0000000000000000       -0.0023035757867378     0.0000000000000000        0.0000000000000000    -0.0000000000000000
    -0.0023035757867378     0.0000000000000000        0.0443315273019053     0.0000000000000000        0.0000000000000000    -0.0000000000000000
    -0.0000000000000000    -0.0000000000000000        0.0000000000000000     0.0000000000000000        0.0206382810512563     0.0000000000000000

     Dielectric Tensor:

        236.421588440830          -0.000000000000           0.000000000000
         -0.000000000000         236.421588440830           0.000000000000
          0.000000000000           0.000000000000         236.421588440829

     Effective Charges E-U: Z_{alpha}{s,beta}

    atom #     1
      2.372769754140e+01       0.000000000000e+00       0.000000000000e+00
      0.000000000000e+00       2.372769754140e+01       0.000000000000e+00
      0.000000000000e+00       0.000000000000e+00       2.372769754140e+01
    atom #     2
     -2.372769754140e+01       0.000000000000e+00       0.000000000000e+00
      0.000000000000e+00      -2.372769754140e+01       0.000000000000e+00
      0.000000000000e+00       0.000000000000e+00      -2.372769754140e+01

     Diagonalizing the dynamical matrix

     q = (     0.216729145000    -0.216729145000    -0.650187435000 )

***************************************************************************
   freq (    1) =     0.77309238 [THz] =    25.78758239 [cm-1]
(   0.000000  0.000000   0.000000 -0.000000   0.262782 -0.000000 )
(  -0.000000 -0.000000  -0.000000  0.000000   0.408771  0.000000 )
   freq (    2) =     1.01227107 [THz] =    33.76572360 [cm-1]
(   0.699925  0.000000   0.699925 -0.000000   0.000000 -0.000000 )
(   0.050262  0.087056   0.050262  0.087056  -0.000000  0.087056 )
   freq (    3) =     1.44738980 [THz] =    48.27972013 [cm-1]
(  -0.000000  0.000000   0.000000  0.000000   0.104794  0.000000 )
(  -0.000000 -0.000000  -0.000000  0.000000  -0.953494  0.000000 )
   freq (    4) =     1.58571424 [THz] =    52.89372612 [cm-1]
(   0.661993  0.000000  -0.661993  0.000000  -0.000000  0.000000 )
(   0.124263  0.215230  -0.124263 -0.215230  -0.000000 -0.215230 )
   freq (    5) =     1.98691914 [THz] =    66.27647912 [cm-1]
(   0.062297  0.000000   0.062297 -0.000000  -0.000000 -0.000000 )
(  -0.352179 -0.609991  -0.352179 -0.609991  -0.000000 -0.609991 )
   freq (    6) =     2.12093607 [THz] =    70.74680205 [cm-1]
(   0.159278  0.000000  -0.159278 -0.000000  -0.000000 -0.000000 )
(  -0.344467 -0.596635   0.344467  0.596635   0.000000  0.596635 )
***************************************************************************
